0 0
0.002 0
0.004 0
0.006 0
0.008 0
0.01 0
0.012 0
0.014 0
0.016 0
0.018 0
0.02 0
0.022 0
0.024 0
0.026 0
0.028 0
0.03 0
0.032 0
0.034 0
0.036 0
0.038 0
0.04 0
0.042 0
0.044 0
0.046 0
0.048 0
0.05 0
0.052 0
0.054 0
0.056 0
0.058 0
0.06 0
0.062 0
0.064 0
0.066 0
0.068 0
0.07 0
0.072 0
0.074 0
0.076 0
0.078 0
0.08 0
0.082 0
0.084 0
0.086 0
0.088 0
0.09 0
0.092 0
0.094 0
0.096 0
0.098 0
0.1 0
0.102 0
0.104 0
0.106 0
0.108 0
0.11 0
0.112 0
0.114 0
0.116 0
0.118 0
0.12 0
0.122 0
0.124 0
0.126 0
0.128 0
0.13 0
0.132 0
0.134 0
0.136 0
0.138 0
0.14 0
0.142 0
0.144 0
0.146 0
0.148 0
0.15 0
0.152 0
0.154 0
0.156 0
0.158 0
0.16 0
0.162 0
0.164 0
0.166 0
0.168 0
0.17 0
0.172 0
0.174 0
0.176 0
0.178 0
0.18 0
0.182 0
0.184 0
0.186 0
0.188 0
0.19 0
0.192 0
0.194 0
0.196 0
0.198 0
0.2 0
0.202 0
0.204 0
0.206 0
0.208 0
0.21 0
0.212 0
0.214 0
0.216 0
0.218 0
0.22 0
0.222 1
0.224 1
0.226 1
0.228 1
0.23 1
0.232 1
0.234 1
0.236 1
0.238 1
0.24 1
0.242 1
0.244 1
0.246 1
0.248 1
0.25 1
0.252 1
0.254 1
0.256 1
0.258 1
0.26 1
0.262 1
0.264 1
0.266 1
0.268 1
0.27 1
0.272 1
0.274 1
0.276 1
0.278 1
0.28 1
0.282 1
0.284 1
0.286 1
0.288 1
0.29 1
0.292 1
0.294 1
0.296 1
0.298 1
0.3 1
0.302 1
0.304 1
0.306 1
0.308 1
0.31 1
0.312 1
0.314 1
0.316 1
0.318 1
0.32 1
0.322 1
0.324 1
0.326 1
0.328 1
0.33 1
0.332 1
0.334 1
0.336 1
0.338 1
0.34 1
0.342 1
0.344 1
0.346 1
0.348 1
0.35 1
0.352 1
0.354 1
0.356 1
0.358 1
0.36 1
0.362 1
0.364 1
0.366 1
0.368 1
0.37 1
0.372 1
0.374 1
0.376 1
0.378 1
0.38 1
0.382 1
0.384 1
0.386 1
0.388 1
0.39 1
0.392 1
0.394 1
0.396 1
0.398 1
0.4 1
0.402 1
0.404 1
0.406 1
0.408 1
0.41 1
0.412 1
0.414 1
0.416 1
0.418 1
0.42 1
0.422 1
0.424 1
0.426 1
0.428 1
0.43 1
0.432 1
0.434 1
0.436 1
0.438 1
0.44 1
0.442 1
0.444 1
0.446 1
0.448 1
0.45 1
0.452 1
0.454 1
0.456 1
0.458 1
0.46 1
0.462 1
0.464 1
0.466 1
0.468 1
0.47 1
0.472 1
0.474 1
0.476 1
0.478 1
0.48 1
0.482 1
0.484 1
0.486 1
0.488 1
0.49 1
0.492 1
0.494 1
0.496 1
0.498 1
0.5 1
0.502 1
0.504 1
0.506 1
0.508 1
0.51 1
0.512 1
0.514 1
0.516 1
0.518 1
0.52 1
0.522 1
0.524 1
0.526 1
0.528 1
0.53 1
0.532 1
0.534 1
0.536 1
0.538 1
0.54 1
0.542 1
0.544 1
0.546 1
0.548 1
0.55 1
0.552 1
0.554 1
0.556 1
0.558 1
0.56 1
0.562 1
0.564 1
0.566 1
0.568 1
0.57 1
0.572 1
0.574 1
0.576 1
0.578 1
0.58 1
0.582 1
0.584 1
0.586 1
0.588 1
0.59 1
0.592 1
0.594 1
0.596 1
0.598 1
0.6 1
0.602 1
0.604 1
0.606 1
0.608 1
0.61 1
0.612 1
0.614 1
0.616 1
0.618 1
0.62 1
0.622 1
0.624 1
0.626 1
0.628 1
0.63 1
0.632 1
0.634 1
0.636 1
0.638 1
0.64 1
0.642 1
0.644 1
0.646 1
0.648 1
0.65 1
0.652 1
0.654 1
0.656 1
0.658 1
0.66 1
0.662 1
0.664 1
0.666 1
0.668 1
0.67 1
0.672 1
0.674 1
0.676 1
0.678 1
0.68 1
0.682 1
0.684 1
0.686 1
0.688 1
0.69 1
0.692 1
0.694 1
0.696 1
0.698 1
0.7 1
0.702 1
0.704 1
0.706 1
0.708 1
0.71 1
0.712 1
0.714 1
0.716 1
0.718 1
0.72 1
0.722 1
0.724 1
0.726 1
0.728 1
0.73 1
0.732 1
0.734 1
0.736 1
0.738 1
0.74 1
0.742 1
0.744 1
0.746 1
0.748 1
0.75 1
0.752 1
0.754 1
0.756 1
0.758 1
0.76 1
0.762 1
0.764 1
0.766 1
0.768 1
0.77 1
0.772 1
0.774 1
0.776 1
0.778 1
0.78 1
0.782 1
0.784 1
0.786 1
0.788 1
0.79 1
0.792 1
0.794 1
0.796 1
0.798 1
0.8 1
0.802 1
0.804 1
0.806 1
0.808 1
0.81 1
0.812 1
0.814 1
0.816 1
0.818 1
0.82 1
0.822 1
0.824 1
0.826 1
0.828 1
0.83 1
0.832 1
0.834 1
0.836 1
0.838 1
0.84 1
0.842 1
0.844 1
0.846 1
0.848 1
0.85 1
0.852 1
0.854 1
0.856 1
0.858 1
0.86 1
0.862 1
0.864 1
0.866 1
0.868 1
0.87 1
0.872 1
0.874 1
0.876 1
0.878 1
0.88 1
0.882 1
0.884 1
0.886 1
0.888 1
0.89 1
0.892 1
0.894 1
0.896 1
0.898 1
0.9 1
0.902 1
0.904 1
0.906 1
0.908 1
0.91 1
0.912 1
0.914 1
0.916 1
0.918 1
0.92 1
0.922 1
0.924 1
0.926 1
0.928 1
0.93 1
0.932 1
0.934 1
0.936 1
0.938 1
0.94 1
0.942 1
0.944 1
0.946 1
0.948 1
0.95 1
0.952 1
0.954 1
0.956 1
0.958 1
0.96 1
0.962 1
0.964 1
0.966 1
0.968 1
0.97 1
0.972 1
0.974 1
0.976 1
0.978 1
0.98 1
0.982 1
0.984 1
0.986 1
0.988 1
0.99 1
0.992 1
0.994 1
0.996 1
0.998 1
1 1
1.002 1
1.004 1
1.006 1
1.008 1
1.01 1
1.012 1
1.014 1
1.016 1
1.018 1
1.02 1
1.022 1
1.024 1
1.026 1
1.028 1
1.03 1
1.032 1
1.034 1
1.036 1
1.038 1
1.04 1
1.042 1
1.044 1
1.046 1
1.048 1
1.05 1
1.052 1
1.054 1
1.056 1
1.058 1
1.06 1
1.062 1
1.064 1
1.066 1
1.068 1
1.07 1
1.072 1
1.074 1
1.076 1
1.078 1
1.08 1
1.082 1
1.084 1
1.086 1
1.088 1
1.09 1
1.092 1
1.094 1
1.096 1
1.098 1
1.1 1
1.102 1
1.104 1
1.106 1
1.108 1
1.11 1
1.112 1
1.114 1
1.116 1
1.118 1
1.12 1
1.122 1
1.124 1
1.126 1
1.128 1
1.13 1
1.132 1
1.134 1
1.136 1
1.138 1
1.14 1
1.142 1
1.144 1
1.146 1
1.148 1
1.15 1
1.152 1
1.154 1
1.156 1
1.158 1
1.16 1
1.162 1
1.164 1
1.166 1
1.168 1
1.17 1
1.172 1
1.174 1
1.176 1
1.178 1
1.18 1
1.182 1
1.184 1
1.186 1
1.188 1
1.19 1
1.192 1
1.194 1
1.196 1
1.198 1
1.2 1
1.202 1
1.204 1
1.206 1
1.208 1
1.21 1
1.212 1
1.214 1
1.216 1
1.218 1
1.22 1
1.222 1
1.224 1
1.226 1
1.228 1
1.23 1
1.232 1
1.234 1
1.236 1
1.238 1
1.24 1
1.242 1
1.244 1
1.246 1
1.248 1
1.25 1
1.252 1
1.254 1
1.256 1
1.258 1
1.26 1
1.262 1
1.264 1
1.266 1
1.268 1
1.27 1
1.272 1
1.274 1
1.276 1
1.278 1
1.28 1
1.282 1
1.284 1
1.286 1
1.288 1
1.29 1
1.292 1
1.294 1
1.296 1
1.298 1
1.3 1
1.302 1
1.304 1
1.306 1
1.308 1
1.31 1
1.312 1
1.314 1
1.316 1
1.318 1
1.32 1
1.322 1
1.324 1
1.326 1
1.328 1
1.33 1
1.332 1
1.334 1
1.336 1
1.338 1
1.34 1
1.342 1
1.344 1
1.346 1
1.348 1
1.35 1
1.352 1
1.354 1
1.356 1
1.358 1
1.36 1
1.362 1
1.364 1
1.366 1
1.368 1
1.37 1
1.372 1
1.374 1
1.376 1
1.378 1
1.38 1
1.382 1
1.384 1
1.386 1
1.388 1
1.39 1
1.392 1
1.394 1
1.396 1
1.398 1
1.4 1
1.402 1
1.404 1
1.406 1
1.408 1
1.41 1
1.412 1
1.414 1
1.416 1
1.418 1
1.42 1
1.422 1
1.424 1
1.426 1
1.428 1
1.43 1
1.432 1
1.434 1
1.436 1
1.438 1
1.44 1
1.442 1
1.444 1
1.446 1
1.448 1
1.45 1
1.452 1
1.454 1
1.456 1
1.458 1
1.46 1
1.462 1
1.464 1
1.466 1
1.468 1
1.47 1
1.472 1
1.474 1
1.476 1
1.478 1
1.48 1
1.482 1
1.484 1
1.486 1
1.488 1
1.49 1
1.492 1
1.494 1
1.496 1
1.498 1
1.5 1
1.502 1
1.504 1
1.506 1
1.508 1
1.51 1
1.512 1
1.514 1
1.516 1
1.518 1
1.52 1
1.522 1
1.524 1
1.526 1
1.528 1
1.53 1
1.532 1
1.534 1
1.536 1
1.538 1
1.54 1
1.542 1
1.544 1
1.546 1
1.548 1
1.55 1
1.552 1
1.554 1
1.556 1
1.558 1
1.56 1
1.562 1
1.564 1
1.566 1
1.568 1
1.57 1
1.572 1
1.574 1
1.576 1
1.578 1
1.58 1
1.582 1
1.584 1
1.586 1
1.588 1
1.59 1
1.592 1
1.594 1
1.596 1
1.598 1
1.6 1
1.602 1
1.604 1
1.606 1
1.608 1
1.61 1
1.612 1
1.614 1
1.616 1
1.618 1
1.62 1
1.622 1
1.624 1
1.626 1
1.628 1
1.63 1
1.632 1
1.634 1
1.636 1
1.638 1
1.64 1
1.642 1
1.644 1
1.646 1
1.648 1
1.65 1
1.652 1
1.654 1
1.656 1
1.658 1
1.66 1
1.662 1
1.664 1
1.666 1
1.668 1
1.67 1
1.672 1
1.674 1
1.676 1
1.678 1
1.68 1
1.682 1
1.684 1
1.686 1
1.688 1
1.69 1
1.692 1
1.694 1
1.696 1
1.698 1
1.7 1
1.702 1
1.704 1
1.706 1
1.708 1
1.71 1
1.712 1
1.714 1
1.716 1
1.718 1
1.72 1
1.722 1
1.724 1
1.726 1
1.728 1
1.73 1
1.732 1
1.734 1
1.736 1
1.738 1
1.74 1
1.742 1
1.744 1
1.746 1
1.748 1
1.75 1
1.752 1
1.754 1
1.756 1
1.758 1
1.76 1
1.762 1
1.764 1
1.766 1
1.768 1
1.77 1
1.772 1
1.774 1
1.776 1
1.778 1
1.78 1
1.782 1
1.784 1
1.786 1
1.788 1
1.79 1
1.792 1
1.794 1
1.796 1
1.798 1
1.8 1
1.802 1
1.804 1
1.806 1
1.808 1
1.81 1
1.812 1
1.814 1
1.816 1
1.818 1
1.82 1
1.822 1
1.824 1
1.826 1
1.828 1
1.83 1
1.832 1
1.834 1
1.836 1
1.838 1
1.84 1
1.842 1
1.844 1
1.846 1
1.848 1
1.85 1
1.852 1
1.854 1
1.856 1
1.858 1
1.86 1
1.862 1
1.864 1
1.866 1
1.868 1
1.87 1
1.872 1
1.874 1
1.876 1
1.878 1
1.88 1
1.882 1
1.884 1
1.886 1
1.888 1
1.89 1
1.892 1
1.894 1
1.896 1
1.898 1
1.9 1
1.902 1
1.904 1
1.906 1
1.908 1
1.91 1
1.912 1
1.914 1
1.916 1
1.918 1
1.92 1
1.922 1
1.924 1
1.926 1
1.928 1
1.93 1
1.932 1
1.934 1
1.936 1
1.938 1
1.94 1
1.942 1
1.944 1
1.946 1
1.948 1
1.95 1
1.952 1
1.954 1
1.956 1
1.958 1
1.96 1
1.962 1
1.964 1
1.966 1
1.968 1
1.97 1
1.972 1
1.974 1
1.976 1
