    0.0000    0.5228
    0.0050    0.5238
    0.0100    0.5268
    0.0150    0.5349
    0.0200    0.5428
    0.0250    0.5583
    0.0300    0.5709
    0.0350    0.5935
    0.0400    0.6107
    0.0450    0.6399
    0.0500    0.6614
    0.0550    0.6965
    0.0600    0.7217
    0.0650    0.7618
    0.0700    0.7899
    0.0750    0.8336
    0.0800    0.8637
    0.0850    0.9095
    0.0900    0.9404
    0.0950    0.9869
    0.1000    1.0176
    0.1050    1.0632
    0.1100    1.0930
    0.1150    1.1366
    0.1200    1.1647
    0.1250    1.2054
    0.1300    1.2313
    0.1350    1.2684
    0.1400    1.2917
    0.1450    1.3247
    0.1500    1.3451
    0.1550    1.3736
    0.1600    1.3910
    0.1650    1.4147
    0.1700    1.4290
    0.1750    1.4481
    0.1800    1.4592
    0.1850    1.4735
    0.1900    1.4816
    0.1950    1.4914
    0.2000    1.4965
    0.2050    1.5020
    0.2100    1.5043
    0.2150    1.5057
    0.2200    1.5053
    0.2250    1.5030
    0.2300    1.5002
    0.2350    1.4944
    0.2400    1.4895
    0.2450    1.4805
    0.2500    1.4736
    0.2550    1.4618
    0.2600    1.4531
    0.2650    1.4388
    0.2700    1.4285
    0.2750    1.4120
    0.2800    1.4003
    0.2850    1.3818
    0.2900    1.3689
    0.2950    1.3487
    0.3000    1.3347
    0.3050    1.3130
    0.3100    1.2981
    0.3150    1.2752
    0.3200    1.2595
    0.3250    1.2354
    0.3300    1.2191
    0.3350    1.1940
    0.3400    1.1771
    0.3450    1.1513
    0.3500    1.1339
    0.3550    1.1074
    0.3600    1.0896
    0.3650    1.0626
    0.3700    1.0445
    0.3750    1.0171
    0.3800    0.9988
    0.3850    0.9711
    0.3900    0.9527
    0.3950    0.9248
    0.4000    0.9063
    0.4050    0.8784
    0.4100    0.8598
    0.4150    0.8320
    0.4200    0.8135
    0.4250    0.7858
    0.4300    0.7673
    0.4350    0.7398
    0.4400    0.7215
    0.4450    0.6943
    0.4500    0.6762
    0.4550    0.6492
    0.4600    0.6314
    0.4650    0.6049
    0.4700    0.5873
    0.4750    0.5612
    0.4800    0.5440
    0.4850    0.5184
    0.4900    0.5015
    0.4950    0.4764
    0.5000    0.4599
    0.5050    0.4355
    0.5100    0.4195
    0.5150    0.3957
    0.5200    0.3801
    0.5250    0.3571
    0.5300    0.3420
    0.5350    0.3198
    0.5400    0.3053
    0.5450    0.2839
    0.5500    0.2699
    0.5550    0.2495
    0.5600    0.2361
    0.5650    0.2166
    0.5700    0.2040
    0.5750    0.1855
    0.5800    0.1735
    0.5850    0.1560
    0.5900    0.1447
    0.5950    0.1284
    0.6000    0.1179
    0.6050    0.1027
    0.6100    0.0929
    0.6150    0.0789
    0.6200    0.0700
    0.6250    0.0572
    0.6300    0.0491
    0.6350    0.0376
    0.6400    0.0304
    0.6450    0.0203
    0.6500    0.0140
    0.6550    0.0052
    0.6600   -0.0001
    0.6650   -0.0074
    0.6700   -0.0118
    0.6750   -0.0176
    0.6800   -0.0210
    0.6850   -0.0253
    0.6900   -0.0277
    0.6950   -0.0305
    0.7000   -0.0319
    0.7050   -0.0333
    0.7100   -0.0338
    0.7150   -0.0339
    0.7200   -0.0337
    0.7250   -0.0328
    0.7300   -0.0319
    0.7350   -0.0302
    0.7400   -0.0289
    0.7450   -0.0267
    0.7500   -0.0251
    0.7550   -0.0226
    0.7600   -0.0208
    0.7650   -0.0183
    0.7700   -0.0165
    0.7750   -0.0141
    0.7800   -0.0125
    0.7850   -0.0103
    0.7900   -0.0089
    0.7950   -0.0071
    0.8000   -0.0060
    0.8050   -0.0045
    0.8100   -0.0038
    0.8150   -0.0028
    0.8200   -0.0024
    0.8250   -0.0019
    0.8300   -0.0018
    0.8350   -0.0018
    0.8400   -0.0020
    0.8450   -0.0025
    0.8500   -0.0029
    0.8550   -0.0038
    0.8600   -0.0045
    0.8650   -0.0058
    0.8700   -0.0067
    0.8750   -0.0082
    0.8800   -0.0093
    0.8850   -0.0110
    0.8900   -0.0121
    0.8950   -0.0140
    0.9000   -0.0152
    0.9050   -0.0171
    0.9100   -0.0183
    0.9150   -0.0201
    0.9200   -0.0213
    0.9250   -0.0231
    0.9300   -0.0242
    0.9350   -0.0257
    0.9400   -0.0267
    0.9450   -0.0281
    0.9500   -0.0289
    0.9550   -0.0301
    0.9600   -0.0307
    0.9650   -0.0316
    0.9700   -0.0321
    0.9750   -0.0327
    0.9800   -0.0331
    0.9850   -0.0334
    0.9900   -0.0336
    0.9950   -0.0337
    1.0000   -0.0337
    1.0050   -0.0336
    1.0100   -0.0335
    1.0150   -0.0332
    1.0200   -0.0329
    1.0250   -0.0325
    1.0300   -0.0321
    1.0350   -0.0315
    1.0400   -0.0311
    1.0450   -0.0304
    1.0500   -0.0299
    1.0550   -0.0292
    1.0600   -0.0287
    1.0650   -0.0279
    1.0700   -0.0274
    1.0750   -0.0266
    1.0800   -0.0261
    1.0850   -0.0253
    1.0900   -0.0248
    1.0950   -0.0241
    1.1000   -0.0236
    1.1050   -0.0229
    1.1100   -0.0224
    1.1150   -0.0217
    1.1200   -0.0213
    1.1250   -0.0207
    1.1300   -0.0203
    1.1350   -0.0197
    1.1400   -0.0193
    1.1450   -0.0188
    1.1500   -0.0185
    1.1550   -0.0180
    1.1600   -0.0177
    1.1650   -0.0173
    1.1700   -0.0171
    1.1750   -0.0167
    1.1800   -0.0165
    1.1850   -0.0162
    1.1900   -0.0160
    1.1950   -0.0158
    1.2000   -0.0156
    1.2050   -0.0154
    1.2100   -0.0153
    1.2150   -0.0151
    1.2200   -0.0150
    1.2250   -0.0148
    1.2300   -0.0147
    1.2350   -0.0146
    1.2400   -0.0145
    1.2450   -0.0144
    1.2500   -0.0143
    1.2550   -0.0141
    1.2600   -0.0140
    1.2650   -0.0139
    1.2700   -0.0138
    1.2750   -0.0137
    1.2800   -0.0135
    1.2850   -0.0134
    1.2900   -0.0133
    1.2950   -0.0131
    1.3000   -0.0130
    1.3050   -0.0128
    1.3100   -0.0127
    1.3150   -0.0125
    1.3200   -0.0123
    1.3250   -0.0121
    1.3300   -0.0120
    1.3350   -0.0117
    1.3400   -0.0116
    1.3450   -0.0113
    1.3500   -0.0112
    1.3550   -0.0109
    1.3600   -0.0107
    1.3650   -0.0104
    1.3700   -0.0102
    1.3750   -0.0099
    1.3800   -0.0097
    1.3850   -0.0094
    1.3900   -0.0091
    1.3950   -0.0088
    1.4000   -0.0085
    1.4050   -0.0082
    1.4100   -0.0079
    1.4150   -0.0075
    1.4200   -0.0073
    1.4250   -0.0069
    1.4300   -0.0066
    1.4350   -0.0062
    1.4400   -0.0059
    1.4450   -0.0055
    1.4500   -0.0052
    1.4550   -0.0048
    1.4600   -0.0045
    1.4650   -0.0041
    1.4700   -0.0038
    1.4750   -0.0035
    1.4800   -0.0032
    1.4850   -0.0028
    1.4900   -0.0026
    1.4950   -0.0022
    1.5000   -0.0020
    1.5050   -0.0017
    1.5100   -0.0015
    1.5150   -0.0012
    1.5200   -0.0010
    1.5250   -0.0007
    1.5300   -0.0005
    1.5350   -0.0002
    1.5400   -0.0001
    1.5450    0.0000
    1.5500    0.0000
    1.5550    0.0000
    1.5600    0.0000
    1.5650    0.0000
    1.5700    0.0000
    1.5750    0.0000
    1.5800    0.0000
    1.5850    0.0000
    1.5900    0.0000
    1.5950    0.0000
    1.6000    0.0000
    1.6050    0.0000
    1.6100    0.0000
    1.6150    0.0000
    1.6200    0.0000
    1.6250    0.0000
    1.6300    0.0000
    1.6350    0.0000
    1.6400    0.0000
    1.6450    0.0000
    1.6500    0.0000
    1.6550    0.0000
    1.6600    0.0000
    1.6650    0.0000
    1.6700    0.0000
    1.6750    0.0000
    1.6800    0.0000
    1.6850    0.0000
    1.6900    0.0000
    1.6950    0.0000
    1.7000    0.0000
    1.7050    0.0000
    1.7100    0.0000
    1.7150    0.0000
    1.7200    0.0000
    1.7250    0.0000
    1.7300    0.0000
    1.7350    0.0000
    1.7400    0.0000
    1.7450    0.0000
    1.7500    0.0000
    1.7550    0.0000
    1.7600    0.0000
    1.7650    0.0000
    1.7700    0.0000
    1.7750    0.0000
    1.7800    0.0000
    1.7850    0.0000
    1.7900    0.0000
    1.7950    0.0000
    1.8000    0.0000
    1.8050    0.0000
    1.8100    0.0000
    1.8150    0.0000
    1.8200    0.0000
    1.8250    0.0000
    1.8300    0.0000
    1.8350    0.0000
    1.8400    0.0000
    1.8450    0.0000
    1.8500    0.0000
    1.8550    0.0000
    1.8600    0.0000
    1.8650    0.0000
    1.8700    0.0000
    1.8750    0.0000
    1.8800    0.0000
    1.8850    0.0000
    1.8900    0.0000
    1.8950    0.0000
    1.9000    0.0000
    1.9050    0.0000
    1.9100    0.0000
    1.9150    0.0000
    1.9200    0.0000
    1.9250    0.0000
    1.9300    0.0000
    1.9350    0.0000
    1.9400    0.0000
    1.9450    0.0000
    1.9500    0.0000
    1.9550    0.0000
    1.9600    0.0000
    1.9650    0.0000
    1.9700    0.0000
    1.9750    0.0000
    1.9800    0.0000
    1.9850    0.0000
    1.9900    0.0000
    1.9950    0.0000
    2.0000    0.0000
    2.0050    0.0000
    2.0100    0.0000
    2.0150    0.0000
    2.0200    0.0000
    2.0250    0.0000
    2.0300    0.0000
    2.0350    0.0000
    2.0400    0.0000
    2.0450    0.0000
    2.0500    0.0000
    2.0550    0.0000
    2.0600    0.0000
    2.0650    0.0000
    2.0700    0.0000
    2.0750    0.0000
    2.0800    0.0000
    2.0850    0.0000
    2.0900    0.0000
    2.0950    0.0000
    2.1000    0.0000
    2.1050    0.0000
    2.1100    0.0000
    2.1150    0.0000
    2.1200    0.0000
    2.1250    0.0000
    2.1300    0.0000
    2.1350    0.0000
    2.1400    0.0000
    2.1450    0.0000
    2.1500    0.0000
    2.1550    0.0000
    2.1600    0.0000
    2.1650    0.0000
    2.1700    0.0000
    2.1750    0.0000
    2.1800    0.0000
    2.1850    0.0000
    2.1900    0.0000
    2.1950    0.0000
    2.2000    0.0000
    2.2050    0.0000
    2.2100    0.0000
    2.2150    0.0000
    2.2200    0.0000
    2.2250    0.0000
    2.2300    0.0000
    2.2350    0.0000
    2.2400    0.0000
    2.2450    0.0000
    2.2500    0.0000
    2.2550    0.0000
    2.2600    0.0000
    2.2650    0.0000
    2.2700    0.0000
    2.2750    0.0000
    2.2800    0.0000
    2.2850    0.0000
    2.2900    0.0000
    2.2950    0.0000
    2.3000    0.0000
    2.3050    0.0000
    2.3100    0.0000
    2.3150    0.0000
    2.3200    0.0000
    2.3250    0.0000
    2.3300    0.0000
    2.3350    0.0000
    2.3400    0.0000
    2.3450    0.0000
    2.3500    0.0000
    2.3550    0.0000
    2.3600    0.0000
    2.3650    0.0000
    2.3700    0.0000
    2.3750    0.0000
    2.3800    0.0000
    2.3850    0.0000
    2.3900    0.0000
    2.3950    0.0000
    2.4000    0.0000
    2.4050    0.0000
    2.4100    0.0000
    2.4150    0.0000
    2.4200    0.0000
    2.4250    0.0000
    2.4300    0.0000
    2.4350    0.0000
    2.4400    0.0000
    2.4450    0.0000
    2.4500    0.0000
    2.4550    0.0000
    2.4600    0.0000
    2.4650    0.0000
    2.4700    0.0000
    2.4750    0.0000
    2.4800    0.0000
    2.4850    0.0000
    2.4900    0.0000
    2.4950    0.0000
    2.5000    0.0000
    2.5050    0.0000
    2.5100    0.0000
    2.5150    0.0000
    2.5200    0.0000
    2.5250    0.0000
    2.5300    0.0000
    2.5350    0.0000
    2.5400    0.0000
    2.5450    0.0000
    2.5500    0.0000
    2.5550    0.0000
    2.5600    0.0000
    2.5650    0.0000
    2.5700    0.0000
    2.5750    0.0000
    2.5800    0.0000
    2.5850    0.0000
    2.5900    0.0000
    2.5950    0.0000
    2.6000    0.0000
    2.6050    0.0000
    2.6100    0.0000
    2.6150    0.0000
    2.6200    0.0000
    2.6250    0.0000
    2.6300    0.0000
    2.6350    0.0000
    2.6400    0.0000
    2.6450    0.0000
    2.6500    0.0000
    2.6550    0.0000
    2.6600    0.0000
    2.6650    0.0000
    2.6700    0.0000
    2.6750    0.0000
    2.6800    0.0000
    2.6850    0.0000
    2.6900    0.0000
    2.6950    0.0000
    2.7000    0.0000
    2.7050    0.0000
    2.7100    0.0000
    2.7150    0.0000
    2.7200    0.0000
    2.7250    0.0000
    2.7300    0.0000
    2.7350    0.0000
    2.7400    0.0000
    2.7450    0.0000
    2.7500    0.0000
    2.7550    0.0000
    2.7600    0.0000
    2.7650    0.0000
    2.7700    0.0000
    2.7750    0.0000
    2.7800    0.0000
    2.7850    0.0000
    2.7900    0.0000
    2.7950    0.0000
    2.8000    0.0000
    2.8050    0.0000
    2.8100    0.0000
    2.8150    0.0000
    2.8200    0.0000
    2.8250    0.0000
    2.8300    0.0000
    2.8350    0.0000
    2.8400    0.0000
    2.8450    0.0000
    2.8500    0.0000
    2.8550    0.0000
    2.8600    0.0000
    2.8650    0.0000
    2.8700    0.0000
    2.8750    0.0000
    2.8800    0.0000
    2.8850    0.0000
    2.8900    0.0000
    2.8950    0.0000
    2.9000    0.0000
    2.9050    0.0000
    2.9100    0.0000
    2.9150    0.0000
    2.9200    0.0000
    2.9250    0.0000
    2.9300    0.0000
    2.9350    0.0000
    2.9400    0.0000
    2.9450    0.0000
    2.9500    0.0000
    2.9550    0.0000
    2.9600    0.0000
    2.9650    0.0000
    2.9700    0.0000
    2.9750    0.0000
    2.9800    0.0000
    2.9850    0.0000
    2.9900    0.0000
    2.9950    0.0000
    3.0000    0.0000
    3.0050    0.0000
    3.0100    0.0000
    3.0150    0.0000
    3.0200    0.0000
    3.0250    0.0000
    3.0300    0.0000
    3.0350    0.0000
    3.0400    0.0000
    3.0450    0.0000
    3.0500    0.0000
    3.0550    0.0000
    3.0600    0.0000
    3.0650    0.0000
    3.0700    0.0000
    3.0750    0.0000
    3.0800    0.0000
    3.0850    0.0000
    3.0900    0.0000
    3.0950    0.0000
    3.1000    0.0000
    3.1050    0.0000
    3.1100    0.0000
    3.1150    0.0000
    3.1200    0.0000
    3.1250    0.0000
    3.1300    0.0000
    3.1350    0.0000
    3.1400    0.0000
    3.1450    0.0000
    3.1500    0.0000
    3.1550    0.0000
    3.1600    0.0000
    3.1650    0.0000
    3.1700    0.0000
    3.1750    0.0000
    3.1800    0.0000
    3.1850    0.0000
    3.1900    0.0000
    3.1950    0.0000
    3.2000    0.0000
    3.2050    0.0000
    3.2100    0.0000
    3.2150    0.0000
    3.2200    0.0000
    3.2250    0.0000
    3.2300    0.0000
    3.2350    0.0000
    3.2400    0.0000
    3.2450    0.0000
    3.2500    0.0000
    3.2550    0.0000
    3.2600    0.0000
    3.2650    0.0000
    3.2700    0.0000
    3.2750    0.0000
    3.2800    0.0000
    3.2850    0.0000
    3.2900    0.0000
    3.2950    0.0000
    3.3000    0.0000
    3.3050    0.0000
    3.3100    0.0000
    3.3150    0.0000
    3.3200    0.0000
    3.3250    0.0000
    3.3300    0.0000
    3.3350    0.0000
    3.3400    0.0000
    3.3450    0.0000
    3.3500    0.0000
    3.3550    0.0000
    3.3600    0.0000
    3.3650    0.0000
    3.3700    0.0000
    3.3750    0.0000
    3.3800    0.0000
    3.3850    0.0000
    3.3900    0.0000
    3.3950    0.0000
    3.4000    0.0000
    3.4050    0.0000
    3.4100    0.0000
    3.4150    0.0000
    3.4200    0.0000
    3.4250    0.0000
    3.4300    0.0000
    3.4350    0.0000
    3.4400    0.0000
    3.4450    0.0000
    3.4500    0.0000
    3.4550    0.0000
    3.4600    0.0000
    3.4650    0.0000
    3.4700    0.0000
    3.4750    0.0000
    3.4800    0.0000
    3.4850    0.0000
    3.4900    0.0000
    3.4950    0.0000
    3.5000    0.0000
    3.5050    0.0000
    3.5100    0.0000
    3.5150    0.0000
    3.5200    0.0000
    3.5250    0.0000
    3.5300    0.0000
    3.5350    0.0000
    3.5400    0.0000
    3.5450    0.0000
    3.5500    0.0000
    3.5550    0.0000
    3.5600    0.0000
    3.5650    0.0000
    3.5700    0.0000
    3.5750    0.0000
    3.5800    0.0000
    3.5850    0.0000
    3.5900    0.0000
    3.5950    0.0000
    3.6000    0.0000
    3.6050    0.0000
    3.6100    0.0000
    3.6150    0.0000
    3.6200    0.0000
    3.6250    0.0000
    3.6300    0.0000
    3.6350    0.0000
    3.6400    0.0000
    3.6450    0.0000
    3.6500    0.0000
    3.6550    0.0000
    3.6600    0.0000
    3.6650    0.0000
    3.6700    0.0000
    3.6750    0.0000
    3.6800    0.0000
    3.6850    0.0000
    3.6900    0.0000
    3.6950    0.0000
    3.7000    0.0000
    3.7050    0.0000
    3.7100    0.0000
    3.7150    0.0000
    3.7200    0.0000
    3.7250    0.0000
    3.7300    0.0000
    3.7350    0.0000
    3.7400    0.0000
    3.7450    0.0000
    3.7500    0.0000
    3.7550    0.0000
    3.7600    0.0000
    3.7650    0.0000
    3.7700    0.0000
    3.7750    0.0000
    3.7800    0.0000
    3.7850    0.0000
    3.7900    0.0000
    3.7950    0.0000
    3.8000    0.0000
    3.8050    0.0000
    3.8100    0.0000
    3.8150    0.0000
    3.8200    0.0000
    3.8250    0.0000
    3.8300    0.0000
    3.8350    0.0000
    3.8400    0.0000
    3.8450    0.0000
    3.8500    0.0000
    3.8550    0.0000
    3.8600    0.0000
    3.8650    0.0000
    3.8700    0.0000
    3.8750    0.0000
    3.8800    0.0000
    3.8850    0.0000
    3.8900    0.0000
    3.8950    0.0000
    3.9000    0.0000
    3.9050    0.0000
    3.9100    0.0000
    3.9150    0.0000
    3.9200    0.0000
    3.9250    0.0000
    3.9300    0.0000
    3.9350    0.0000
    3.9400    0.0000
    3.9450    0.0000
    3.9500    0.0000
    3.9550    0.0000
    3.9600    0.0000
    3.9650    0.0000
    3.9700    0.0000
    3.9750    0.0000
    3.9800    0.0000
    3.9850    0.0000
    3.9900    0.0000
    3.9950    0.0000
    4.0000    0.0000
    4.0050    0.0000
    4.0100    0.0000
    4.0150    0.0000
    4.0200    0.0000
    4.0250    0.0000
    4.0300    0.0000
    4.0350    0.0000
    4.0400    0.0000
    4.0450    0.0000
    4.0500    0.0000
    4.0550    0.0000
    4.0600    0.0000
    4.0650    0.0000
    4.0700    0.0000
    4.0750    0.0000
    4.0800    0.0000
    4.0850    0.0000
    4.0900    0.0000
    4.0950    0.0000
    4.1000    0.0000
    4.1050    0.0000
    4.1100    0.0000
    4.1150    0.0000
    4.1200    0.0000
    4.1250    0.0000
    4.1300    0.0000
    4.1350    0.0000
    4.1400    0.0000
    4.1450    0.0000
    4.1500    0.0000
    4.1550    0.0000
    4.1600    0.0000
    4.1650    0.0000
    4.1700    0.0000
    4.1750    0.0000
    4.1800    0.0000
    4.1850    0.0000
    4.1900    0.0000
    4.1950    0.0000
    4.2000    0.0000
    4.2050    0.0000
    4.2100    0.0000
    4.2150    0.0000
    4.2200    0.0000
    4.2250    0.0000
    4.2300    0.0000
    4.2350    0.0000
    4.2400    0.0000
    4.2450    0.0000
    4.2500    0.0000
    4.2550    0.0000
    4.2600    0.0000
    4.2650    0.0000
    4.2700    0.0000
    4.2750    0.0000
    4.2800    0.0000
    4.2850    0.0000
    4.2900    0.0000
    4.2950    0.0000
    4.3000    0.0000
    4.3050    0.0000
    4.3100    0.0000
    4.3150    0.0000
    4.3200    0.0000
    4.3250    0.0000
    4.3300    0.0000
    4.3350    0.0000
    4.3400    0.0000
    4.3450    0.0000
    4.3500    0.0000
    4.3550    0.0000
    4.3600    0.0000
    4.3650    0.0000
    4.3700    0.0000
    4.3750    0.0000
    4.3800    0.0000
    4.3850    0.0000
    4.3900    0.0000
    4.3950    0.0000
    4.4000    0.0000
    4.4050    0.0000
    4.4100    0.0000
    4.4150    0.0000
    4.4200    0.0000
    4.4250    0.0000
    4.4300    0.0000
    4.4350    0.0000
    4.4400    0.0000
    4.4450    0.0000
    4.4500    0.0000
    4.4550    0.0000
    4.4600    0.0000
    4.4650    0.0000
    4.4700    0.0000
    4.4750    0.0000
    4.4800    0.0000
    4.4850    0.0000
    4.4900    0.0000
    4.4950    0.0000
    4.5000    0.0000
    4.5050    0.0000
    4.5100    0.0000
    4.5150    0.0000
    4.5200    0.0000
    4.5250    0.0000
    4.5300    0.0000
    4.5350    0.0000
    4.5400    0.0000
    4.5450    0.0000
    4.5500    0.0000
    4.5550    0.0000
    4.5600    0.0000
    4.5650    0.0000
    4.5700    0.0000
    4.5750    0.0000
    4.5800    0.0000
    4.5850    0.0000
    4.5900    0.0000
    4.5950    0.0000
    4.6000    0.0000
    4.6050    0.0000
    4.6100    0.0000
    4.6150    0.0000
    4.6200    0.0000
    4.6250    0.0000
    4.6300    0.0000
    4.6350    0.0000
    4.6400    0.0000
    4.6450    0.0000
    4.6500    0.0000
    4.6550    0.0000
    4.6600    0.0000
    4.6650    0.0000
    4.6700    0.0000
    4.6750    0.0000
    4.6800    0.0000
    4.6850    0.0000
    4.6900    0.0000
    4.6950    0.0000
    4.7000    0.0000
    4.7050    0.0000
    4.7100    0.0000
    4.7150    0.0000
    4.7200    0.0000
    4.7250    0.0000
    4.7300    0.0000
    4.7350    0.0000
    4.7400    0.0000
    4.7450    0.0000
    4.7500    0.0000
    4.7550    0.0000
    4.7600    0.0000
    4.7650    0.0000
    4.7700    0.0000
    4.7750    0.0000
    4.7800    0.0000
    4.7850    0.0000
    4.7900    0.0000
    4.7950    0.0000
    4.8000    0.0000
    4.8050    0.0000
    4.8100    0.0000
    4.8150    0.0000
    4.8200    0.0000
    4.8250    0.0000
    4.8300    0.0000
    4.8350    0.0000
    4.8400    0.0000
    4.8450    0.0000
    4.8500    0.0000
    4.8550    0.0000
    4.8600    0.0000
    4.8650    0.0000
    4.8700    0.0000
    4.8750    0.0000
    4.8800    0.0000
    4.8850    0.0000
    4.8900    0.0000
    4.8950    0.0000
    4.9000    0.0000
    4.9050    0.0000
    4.9100    0.0000
    4.9150    0.0000
    4.9200    0.0000
    4.9250    0.0000
    4.9300    0.0000
    4.9350    0.0000
    4.9400    0.0000
    4.9450    0.0000
    4.9500    0.0000
    4.9550    0.0000
    4.9600    0.0000
    4.9650    0.0000
    4.9700    0.0000
    4.9750    0.0000
    4.9800    0.0000
    4.9850    0.0000
    4.9900    0.0000
    4.9950    0.0000
    5.0000    0.0000
    5.0050    0.0000
    5.0100    0.0000
    5.0150    0.0000
    5.0200    0.0000
    5.0250    0.0000
    5.0300    0.0000
    5.0350    0.0000
    5.0400    0.0000
    5.0450    0.0000
    5.0500    0.0000
    5.0550    0.0000
    5.0600    0.0000
    5.0650    0.0000
    5.0700    0.0000
    5.0750    0.0000
    5.0800    0.0000
    5.0850    0.0000
    5.0900    0.0000
    5.0950    0.0000
    5.1000    0.0000
    5.1050    0.0000
    5.1100    0.0000
    5.1150    0.0000
    5.1200    0.0000
    5.1250    0.0000
    5.1300    0.0000
    5.1350    0.0000
    5.1400    0.0000
    5.1450    0.0000
    5.1500    0.0000
    5.1550    0.0000
    5.1600    0.0000
    5.1650    0.0000
    5.1700    0.0000
    5.1750    0.0000
    5.1800    0.0000
    5.1850    0.0000
    5.1900    0.0000
    5.1950    0.0000
    5.2000    0.0000
    5.2050    0.0000
    5.2100    0.0000
    5.2150    0.0000
    5.2200    0.0000
    5.2250    0.0000
    5.2300    0.0000
    5.2350    0.0000
    5.2400    0.0000
    5.2450    0.0000
    5.2500    0.0000
    5.2550    0.0000
    5.2600    0.0000
    5.2650    0.0000
    5.2700    0.0000
    5.2750    0.0000
    5.2800    0.0000
    5.2850    0.0000
    5.2900    0.0000
    5.2950    0.0000
    5.3000    0.0000
    5.3050    0.0000
    5.3100    0.0000
    5.3150    0.0000
    5.3200    0.0000
    5.3250    0.0000
    5.3300    0.0000
    5.3350    0.0000
    5.3400    0.0000
    5.3450    0.0000
    5.3500    0.0000
    5.3550    0.0000
    5.3600    0.0000
    5.3650    0.0000
    5.3700    0.0000
    5.3750    0.0000
    5.3800    0.0000
    5.3850    0.0000
    5.3900    0.0000
    5.3950    0.0000
    5.4000    0.0000
    5.4050    0.0000
    5.4100    0.0000
    5.4150    0.0000
    5.4200    0.0000
    5.4250    0.0000
    5.4300    0.0000
    5.4350    0.0000
    5.4400    0.0000
    5.4450    0.0000
    5.4500    0.0000
    5.4550    0.0000
    5.4600    0.0000
    5.4650    0.0000
    5.4700    0.0000
    5.4750    0.0000
    5.4800    0.0000
    5.4850    0.0000
    5.4900    0.0000
    5.4950    0.0000
    5.5000    0.0000
    5.5050    0.0000
    5.5100    0.0000
    5.5150    0.0000
    5.5200    0.0000
    5.5250    0.0000
    5.5300    0.0000
    5.5350    0.0000
    5.5400    0.0000
    5.5450    0.0000
    5.5500    0.0000
    5.5550    0.0000
    5.5600    0.0000
    5.5650    0.0000
    5.5700    0.0000
    5.5750    0.0000
    5.5800    0.0000
    5.5850    0.0000
    5.5900    0.0000
    5.5950    0.0000
    5.6000    0.0000
    5.6050    0.0000
    5.6100    0.0000
    5.6150    0.0000
    5.6200    0.0000
    5.6250    0.0000
    5.6300    0.0000
    5.6350    0.0000
    5.6400    0.0000
    5.6450    0.0000
    5.6500    0.0000
    5.6550    0.0000
    5.6600    0.0000
    5.6650    0.0000
    5.6700    0.0000
    5.6750    0.0000
    5.6800    0.0000
    5.6850    0.0000
    5.6900    0.0000
    5.6950    0.0000
    5.7000    0.0000
    5.7050    0.0000
    5.7100    0.0000
    5.7150    0.0000
    5.7200    0.0000
    5.7250    0.0000
    5.7300    0.0000
    5.7350    0.0000
    5.7400    0.0000
    5.7450    0.0000
    5.7500    0.0000
    5.7550    0.0000
    5.7600    0.0000
    5.7650    0.0000
    5.7700    0.0000
    5.7750    0.0000
    5.7800    0.0000
    5.7850    0.0000
    5.7900    0.0000
    5.7950    0.0000
    5.8000    0.0000
    5.8050    0.0000
    5.8100    0.0000
    5.8150    0.0000
    5.8200    0.0000
    5.8250    0.0000
    5.8300    0.0000
    5.8350    0.0000
    5.8400    0.0000
    5.8450    0.0000
    5.8500    0.0000
    5.8550    0.0000
    5.8600    0.0000
    5.8650    0.0000
    5.8700    0.0000
    5.8750    0.0000
    5.8800    0.0000
    5.8850    0.0000
    5.8900    0.0000
    5.8950    0.0000
    5.9000    0.0000
    5.9050    0.0000
    5.9100    0.0000
    5.9150    0.0000
    5.9200    0.0000
    5.9250    0.0000
    5.9300    0.0000
    5.9350    0.0000
    5.9400    0.0000
    5.9450    0.0000
    5.9500    0.0000
    5.9550    0.0000
    5.9600    0.0000
    5.9650    0.0000
    5.9700    0.0000
    5.9750    0.0000
    5.9800    0.0000
    5.9850    0.0000
    5.9900    0.0000
    5.9950    0.0000
    6.0000    0.0000
    6.0050    0.0000
