0  -2.07737
0.002  -2.07736
0.004  -2.0773
0.006  -2.07717
0.008  -2.07697
0.01  -2.07672
0.012  -2.0764
0.014  -2.07602
0.016  -2.07558
0.018  -2.07509
0.02  -2.07453
0.022  -2.07392
0.024  -2.07325
0.026  -2.07252
0.028  -2.07174
0.03  -2.0709
0.032  -2.07
0.034  -2.06905
0.036  -2.06805
0.038  -2.06699
0.04  -2.06588
0.042  -2.06471
0.044  -2.0635
0.046  -2.06223
0.048  -2.06091
0.05  -2.05955
0.052  -2.05813
0.054  -2.05667
0.056  -2.05517
0.058  -2.05361
0.06  -2.05201
0.062  -2.05037
0.064  -2.04869
0.066  -2.04696
0.068  -2.0452
0.07  -2.04339
0.072  -2.04155
0.074  -2.03967
0.076  -2.03776
0.078  -2.03581
0.08  -2.03383
0.082  -2.03182
0.084  -2.02978
0.086  -2.02771
0.088  -2.02561
0.09  -2.02348
0.092  -2.02133
0.094  -2.01916
0.096  -2.01696
0.098  -2.01475
0.1  -2.01251
0.102  -2.01026
0.104  -2.00799
0.106  -2.00571
0.108  -2.00341
0.11  -2.0011
0.112  -1.99878
0.114  -1.99645
0.116  -1.99411
0.118  -1.99177
0.12  -1.98942
0.122  -1.98707
0.124  -1.98471
0.126  -1.98235
0.128  -1.98
0.13  -1.97764
0.132  -1.97528
0.134  -1.97293
0.136  -1.97058
0.138  -1.96824
0.14  -1.9659
0.142  -1.96357
0.144  -1.96124
0.146  -1.95893
0.148  -1.95662
0.15  -1.95432
0.152  -1.95203
0.154  -1.94976
0.156  -1.94749
0.158  -1.94524
0.16  -1.94299
0.162  -1.94076
0.164  -1.93854
0.166  -1.93633
0.168  -1.93413
0.17  -1.93195
0.172  -1.92977
0.174  -1.92761
0.176  -1.92546
0.178  -1.92332
0.18  -1.92118
0.182  -1.91906
0.184  -1.91694
0.186  -1.91483
0.188  -1.91272
0.19  -1.91062
0.192  -1.90852
0.194  -1.90643
0.196  -1.90433
0.198  -1.90224
0.2  -1.90014
0.202  -1.89804
0.204  -1.89593
0.206  -1.89382
0.208  -1.89169
0.21  -1.88955
0.212  -1.8874
0.214  -1.88524
0.216  -1.88305
0.218  -1.88084
0.22  -1.87861
0.222  -1.87635
0.224  -1.87407
0.226  -1.87175
0.228  -1.8694
0.23  -1.86701
0.232  -1.86458
0.234  -1.86211
0.236  -1.85959
0.238  -1.85702
0.24  -1.85439
0.242  -1.85171
0.244  -1.84897
0.246  -1.84617
0.248  -1.8433
0.25  -1.84036
0.252  -1.83735
0.254  -1.83425
0.256  -1.83108
0.258  -1.82782
0.26  -1.82448
0.262  -1.82104
0.264  -1.8175
0.266  -1.81387
0.268  -1.81013
0.27  -1.80629
0.272  -1.80233
0.274  -1.79826
0.276  -1.79408
0.278  -1.78977
0.28  -1.78534
0.282  -1.78078
0.284  -1.77608
0.286  -1.77126
0.288  -1.76629
0.29  -1.76118
0.292  -1.75593
0.294  -1.75053
0.296  -1.74498
0.298  -1.73928
0.3  -1.73342
0.302  -1.7274
0.304  -1.72122
0.306  -1.71488
0.308  -1.70837
0.31  -1.7017
0.312  -1.69485
0.314  -1.68784
0.316  -1.68065
0.318  -1.67329
0.32  -1.66575
0.322  -1.65803
0.324  -1.65014
0.326  -1.64207
0.328  -1.63382
0.33  -1.62539
0.332  -1.61679
0.334  -1.608
0.336  -1.59903
0.338  -1.58989
0.34  -1.58056
0.342  -1.57106
0.344  -1.56138
0.346  -1.55153
0.348  -1.5415
0.35  -1.5313
0.352  -1.52093
0.354  -1.51039
0.356  -1.49969
0.358  -1.48881
0.36  -1.47778
0.362  -1.46659
0.364  -1.45524
0.366  -1.44374
0.368  -1.43209
0.37  -1.4203
0.372  -1.40836
0.374  -1.39628
0.376  -1.38406
0.378  -1.37172
0.38  -1.35925
0.382  -1.34666
0.384  -1.33394
0.386  -1.32112
0.388  -1.30819
0.39  -1.29515
0.392  -1.28201
0.394  -1.26878
0.396  -1.25547
0.398  -1.24207
0.4  -1.22859
0.402  -1.21504
0.404  -1.20142
0.406  -1.18774
0.408  -1.174
0.41  -1.16021
0.412  -1.14638
0.414  -1.13251
0.416  -1.1186
0.418  -1.10467
0.42  -1.09071
0.422  -1.07674
0.424  -1.06276
0.426  -1.04877
0.428  -1.03478
0.43  -1.02079
0.432  -1.00681
0.434  -0.992854
0.436  -0.978916
0.438  -0.965004
0.44  -0.951123
0.442  -0.93728
0.444  -0.923478
0.446  -0.909723
0.448  -0.896019
0.45  -0.882372
0.452  -0.868786
0.454  -0.855265
0.456  -0.841815
0.458  -0.828439
0.46  -0.815141
0.462  -0.801926
0.464  -0.788798
0.466  -0.775761
0.468  -0.762818
0.47  -0.749973
0.472  -0.737231
0.474  -0.724592
0.476  -0.712063
0.478  -0.699644
0.48  -0.68734
0.482  -0.675153
0.484  -0.663086
0.486  -0.651142
0.488  -0.639323
0.49  -0.627631
0.492  -0.616069
0.494  -0.604638
0.496  -0.593341
0.498  -0.582179
0.5  -0.571154
0.502  -0.560267
0.504  -0.549521
0.506  -0.538916
0.508  -0.528453
0.51  -0.518134
0.512  -0.507959
0.514  -0.497929
0.516  -0.488044
0.518  -0.478306
0.52  -0.468714
0.522  -0.459269
0.524  -0.449972
0.526  -0.440822
0.528  -0.431819
0.53  -0.422962
0.532  -0.414253
0.534  -0.40569
0.536  -0.397273
0.538  -0.389002
0.54  -0.380875
0.542  -0.372893
0.544  -0.365054
0.546  -0.357357
0.548  -0.349802
0.55  -0.342388
0.552  -0.335113
0.554  -0.327977
0.556  -0.320977
0.558  -0.314113
0.56  -0.307384
0.562  -0.300788
0.564  -0.294323
0.566  -0.287989
0.568  -0.281783
0.57  -0.275704
0.572  -0.269751
0.574  -0.263922
0.576  -0.258214
0.578  -0.252627
0.58  -0.247159
0.582  -0.241807
0.584  -0.236571
0.586  -0.231448
0.588  -0.226437
0.59  -0.221535
0.592  -0.216742
0.594  -0.212054
0.596  -0.207471
0.598  -0.20299
0.6  -0.19861
0.602  -0.194329
0.604  -0.190146
0.606  -0.186057
0.608  -0.182062
0.61  -0.178158
0.612  -0.174344
0.614  -0.170619
0.616  -0.16698
0.618  -0.163426
0.62  -0.159954
0.622  -0.156564
0.624  -0.153255
0.626  -0.150023
0.628  -0.146867
0.63  -0.143786
0.632  -0.140779
0.634  -0.137844
0.636  -0.134979
0.638  -0.132183
0.64  -0.129454
0.642  -0.126792
0.644  -0.124194
0.646  -0.121659
0.648  -0.119187
0.65  -0.116775
0.652  -0.114422
0.654  -0.112128
0.656  -0.109891
0.658  -0.107709
0.66  -0.105583
0.662  -0.10351
0.664  -0.101489
0.666  -0.0995199
0.668  -0.097601
0.67  -0.0957314
0.672  -0.0939101
0.674  -0.0921362
0.676  -0.0904089
0.678  -0.0887272
0.68  -0.0870898
0.682  -0.0854964
0.684  -0.0839463
0.686  -0.0824384
0.688  -0.0809718
0.69  -0.0795456
0.692  -0.078159
0.694  -0.0768117
0.696  -0.0755027
0.698  -0.0742313
0.7  -0.072997
0.702  -0.0717991
0.704  -0.070637
0.706  -0.0695098
0.708  -0.0684169
0.71  -0.0673579
0.712  -0.0663323
0.714  -0.0653395
0.716  -0.0643785
0.718  -0.063449
0.72  -0.0625506
0.722  -0.0616827
0.724  -0.0608449
0.726  -0.0600365
0.728  -0.059257
0.73  -0.0585062
0.732  -0.0577836
0.734  -0.0570884
0.736  -0.05642
0.738  -0.0557779
0.74  -0.055162
0.742  -0.054572
0.744  -0.0540074
0.746  -0.0534674
0.748  -0.0529517
0.75  -0.0524601
0.752  -0.051992
0.754  -0.051547
0.756  -0.0511244
0.758  -0.0507242
0.76  -0.0503459
0.762  -0.0499891
0.764  -0.0496535
0.766  -0.0493385
0.768  -0.0490434
0.77  -0.0487681
0.772  -0.0485124
0.774  -0.0482757
0.776  -0.0480575
0.778  -0.0478574
0.78  -0.0476751
0.782  -0.0475103
0.784  -0.0473627
0.786  -0.0472315
0.788  -0.0471162
0.79  -0.0470166
0.792  -0.0469325
0.794  -0.0468636
0.796  -0.0468093
0.798  -0.0467691
0.8  -0.0467427
0.802  -0.0467297
0.804  -0.0467296
0.806  -0.0467419
0.808  -0.0467663
0.81  -0.0468024
0.812  -0.0468496
0.814  -0.0469078
0.816  -0.0469766
0.818  -0.0470555
0.82  -0.0471441
0.822  -0.0472421
0.824  -0.0473486
0.826  -0.0474633
0.828  -0.047586
0.83  -0.0477162
0.832  -0.0478536
0.834  -0.0479977
0.836  -0.0481479
0.838  -0.0483038
0.84  -0.0484652
0.842  -0.0486316
0.844  -0.0488026
0.846  -0.0489776
0.848  -0.0491563
0.85  -0.0493382
0.852  -0.0495227
0.854  -0.0497096
0.856  -0.0498986
0.858  -0.0500891
0.86  -0.0502809
0.862  -0.0504734
0.864  -0.0506658
0.866  -0.0508579
0.868  -0.0510494
0.87  -0.0512397
0.872  -0.0514288
0.874  -0.0516163
0.876  -0.0518013
0.878  -0.0519835
0.88  -0.0521626
0.882  -0.0523382
0.884  -0.0525098
0.886  -0.0526775
0.888  -0.0528407
0.89  -0.0529986
0.892  -0.053151
0.894  -0.0532976
0.896  -0.0534379
0.898  -0.0535716
0.9  -0.0536986
0.902  -0.0538186
0.904  -0.0539312
0.906  -0.0540359
0.908  -0.0541323
0.91  -0.05422
0.912  -0.0542988
0.914  -0.0543685
0.916  -0.0544288
0.918  -0.0544794
0.92  -0.0545204
0.922  -0.0545513
0.924  -0.0545715
0.926  -0.0545809
0.928  -0.0545794
0.93  -0.0545668
0.932  -0.0545426
0.934  -0.0545072
0.936  -0.0544606
0.938  -0.054402
0.94  -0.0543312
0.942  -0.0542482
0.944  -0.0541532
0.946  -0.0540457
0.948  -0.0539256
0.95  -0.0537933
0.952  -0.0536485
0.954  -0.0534912
0.956  -0.0533211
0.958  -0.0531385
0.96  -0.0529433
0.962  -0.0527355
0.964  -0.0525152
0.966  -0.0522824
0.968  -0.0520373
0.97  -0.0517799
0.972  -0.0515104
0.974  -0.0512289
0.976  -0.0509357
0.978  -0.0506307
0.98  -0.0503143
0.982  -0.0499866
0.984  -0.0496479
0.986  -0.0492984
0.988  -0.0489385
0.99  -0.0485684
0.992  -0.0481884
0.994  -0.047799
0.996  -0.0474004
0.998  -0.0469931
1  -0.0465772
1.002  -0.0461533
1.004  -0.0457219
1.006  -0.0452832
1.008  -0.0448376
1.01  -0.0443857
1.012  -0.0439281
1.014  -0.0434652
1.016  -0.0429974
1.018  -0.0425252
1.02  -0.0420492
1.022  -0.0415699
1.024  -0.0410878
1.026  -0.0406032
1.028  -0.0401169
1.03  -0.0396295
1.032  -0.0391415
1.034  -0.0386534
1.036  -0.0381657
1.038  -0.0376789
1.04  -0.0371937
1.042  -0.0367105
1.044  -0.0362299
1.046  -0.0357522
1.048  -0.0352782
1.05  -0.0348082
1.052  -0.034343
1.054  -0.0338828
1.056  -0.0334282
1.058  -0.0329798
1.06  -0.0325378
1.062  -0.0321029
1.064  -0.0316753
1.066  -0.0312556
1.068  -0.030844
1.07  -0.0304409
1.072  -0.0300468
1.074  -0.029662
1.076  -0.0292868
1.078  -0.0289217
1.08  -0.0285667
1.082  -0.0282223
1.084  -0.0278887
1.086  -0.027566
1.088  -0.0272544
1.09  -0.0269542
1.092  -0.0266656
1.094  -0.0263886
1.096  -0.0261235
1.098  -0.0258703
1.1  -0.0256291
1.102  -0.0253999
1.104  -0.0251828
1.106  -0.0249779
1.108  -0.0247852
1.11  -0.0246045
1.112  -0.0244358
1.114  -0.024279
1.116  -0.0241342
1.118  -0.0240011
1.12  -0.0238797
1.122  -0.0237698
1.124  -0.0236712
1.126  -0.0235838
1.128  -0.0235073
1.13  -0.0234417
1.132  -0.0233865
1.134  -0.0233416
1.136  -0.0233066
1.138  -0.0232814
1.14  -0.0232657
1.142  -0.0232592
1.144  -0.0232616
1.146  -0.0232723
1.148  -0.0232911
1.15  -0.0233177
1.152  -0.0233517
1.154  -0.0233929
1.156  -0.0234406
1.158  -0.0234946
1.16  -0.0235544
1.162  -0.0236197
1.164  -0.0236902
1.166  -0.0237653
1.168  -0.0238447
1.17  -0.0239279
1.172  -0.0240145
1.174  -0.024104
1.176  -0.024196
1.178  -0.0242902
1.18  -0.0243861
1.182  -0.0244833
1.184  -0.0245813
1.186  -0.0246797
1.188  -0.0247781
1.19  -0.0248762
1.192  -0.0249736
1.194  -0.0250698
1.196  -0.0251644
1.198  -0.025257
1.2  -0.0253472
1.202  -0.0254346
1.204  -0.025519
1.206  -0.0255998
1.208  -0.0256768
1.21  -0.0257497
1.212  -0.025818
1.214  -0.0258816
1.216  -0.02594
1.218  -0.0259931
1.22  -0.0260404
1.222  -0.0260818
1.224  -0.0261169
1.226  -0.0261455
1.228  -0.0261675
1.23  -0.0261824
1.232  -0.0261902
1.234  -0.0261907
1.236  -0.0261837
1.238  -0.0261689
1.24  -0.0261464
1.242  -0.026116
1.244  -0.0260774
1.246  -0.0260307
1.248  -0.0259757
1.25  -0.0259124
1.252  -0.0258407
1.254  -0.0257606
1.256  -0.025672
1.258  -0.0255749
1.26  -0.0254693
1.262  -0.0253553
1.264  -0.0252328
1.266  -0.025102
1.268  -0.0249628
1.27  -0.0248154
1.272  -0.0246597
1.274  -0.024496
1.276  -0.0243243
1.278  -0.0241447
1.28  -0.0239573
1.282  -0.0237624
1.284  -0.02356
1.286  -0.0233504
1.288  -0.0231336
1.29  -0.0229098
1.292  -0.0226793
1.294  -0.0224423
1.296  -0.0221988
1.298  -0.0219493
1.3  -0.0216939
1.302  -0.0214327
1.304  -0.021166
1.306  -0.020894
1.308  -0.0206171
1.31  -0.0203354
1.312  -0.0200492
1.314  -0.0197586
1.316  -0.0194641
1.318  -0.0191657
1.32  -0.0188638
1.322  -0.0185586
1.324  -0.0182504
1.326  -0.0179395
1.328  -0.017626
1.33  -0.0173103
1.332  -0.0169926
1.334  -0.0166732
1.336  -0.0163522
1.338  -0.01603
1.34  -0.0157068
1.342  -0.0153828
1.344  -0.0150583
1.346  -0.0147335
1.348  -0.0144086
1.35  -0.0140839
1.352  -0.0137595
1.354  -0.0134358
1.356  -0.0131128
1.358  -0.0127909
1.36  -0.0124702
1.362  -0.012151
1.364  -0.0118333
1.366  -0.0115175
1.368  -0.0112036
1.37  -0.0108919
1.372  -0.0105825
1.374  -0.0102756
1.376  -0.00997126
1.378  -0.00966975
1.38  -0.00937113
1.382  -0.00907555
1.384  -0.00878313
1.386  -0.008494
1.388  -0.00820831
1.39  -0.00792613
1.392  -0.00764758
1.394  -0.00737271
1.396  -0.00710166
1.398  -0.00683448
1.4  -0.00657125
1.402  -0.00631205
1.404  -0.00605694
1.406  -0.00580598
1.408  -0.0055592
1.41  -0.00531666
1.412  -0.0050784
1.414  -0.00484441
1.416  -0.00461474
1.418  -0.00438938
1.42  -0.00416838
1.422  -0.00395173
1.424  -0.00373949
1.426  -0.00353161
1.428  -0.00332809
1.43  -0.00312891
1.432  -0.00293405
1.434  -0.00274349
1.436  -0.00255718
1.438  -0.00237514
1.44  -0.0021973
1.442  -0.00202364
1.444  -0.00185411
1.446  -0.00168867
1.448  -0.00152728
1.45  -0.00136984
1.452  -0.00121631
1.454  -0.00106665
1.456  -0.000920779
1.458  -0.000778629
1.46  -0.000640143
1.462  -0.000505236
1.464  -0.000373851
1.466  -0.000245902
1.468  -0.000121312
1.47  0
